Guide
=====

In terminal, execute:

	nc misc.chal.csaw.io 9001

In another terminal, copy the AVL list and paste it to parameter of:

	python sol.py <list_of_avl>

Last, copy the result to netcat.

Example
=======

	# Terminal 1
	$ nc misc.chal.csaw.io 9001
	Connection to misc.chal.csaw.io 9001 port [tcp/*] succeeded!
	Add these numbers to a AVL Binary Tree, then send them back in the preorder traversal!
	27,34,76,71,39,43,63,54,24,75,13,61,59,28,99,70,94,73,12,34,64,93,99,30,9,47,84,72,68,71,19,39,34,22,5,49,48,38,45,65,79,2,13,86,37,49,100,6,58,86,7,61,29,67,69,39,2,91,45,98,9,69,34,35,77,60,48,14,58,46,48,35,90,19,92,95,52,59,24,74,24,60,65,19,97,57,68,32,61,30,16,51,100,1,72,43,43,47,56,66
	Send the preorder traversal in a comma sperated list.

	# Terminal 2
	$ py sol.py 69,14,50,30,85,75,42,20,56,58,29,53,76,83,82,73,67,4,86,37,52,35,49,91,76,71,52,17,16,31,66,0,6,30,31,99,77,45,97,10,63,69,14,49,64,77,52,22,32,88,32,30,8,56,76,86,26,4,14,78,81,21,1,61,82,72,87,12,73,77,66,61,49,82,82,9,23,71,91,58,13,0,0,88,47,57,8,30,100,13,78,29,56,40,10,60,21,32,81,91
	50,20,8,4,0,1,6,14,10,9,12,13,17,16,30,26,22,21,23,29,37,32,31,35,45,42,40,49,47,73,66,58,53,52,56,57,63,61,60,64,69,67,71,72,83,78,76,75,77,82,81,91,86,85,88,87,99,97,100
	61,39,27,13,6,2,1,5,9,7,12,22,16,14,19,24,30,28,29,37,34,32,35,38,49,47,45,43,46,48,58,54,52,51,57,56,59,60,71,65,64,63,68,67,66,70,69,84,76,73,72,75,74,79,77,93,90,86,91,92,98,95,94,97,99,100

	# Terminal 1
	$ nc misc.chal.csaw.io 9001
	... [OMITTED] ...
	you got it!
	flag{HOW_WAS_IT_NAVIGATING_THAT_FOREST?}
